100053912258750
100010370135003
100057342964454
100006294160793
100022957281028
100034659511476
100011927173337
100006294160793
100019703674497
100052102753659
100022883537897
100063299917398
100029765298341
100016880374871
100008116748929
100029081000483
100036323931460
100042903063156
100015692656866
100011059958266
100003879130272
100009179401773
100005863933020
100003282990354
100006882240711
100001781233387
100002249167994
100051067504319
100045011064238
100067701433259
100016316971128
100026184651483
100010653228890
100008510176540
100006940237068
100010048454620
100004104286400
100008021467273
100010321809995
100028354451024
100022047172632
100016748410230
100012899387439
100028197909839
100004621783559
100022460074089
100013845739235
100015647927930
100067040889381
100025080843856
100002331027247
100027602766048
100010423788221
100060708909590
100010799653914
100004740008295
100038741588970
100045864042684
100015102461104
100025307753221
100010812252424
100003030683177
100020192006747
100008510176540
100052086804018
100009136606946
100011876506661
100001525314299
100014036495216
100009503823822
100027960855459
100024172907852
100052182293237
100019088673496
100027903220036
100012586839139
100027697273658
100024928841902
100004972170078
100006402540603
100009214875106
100005766786730
100010176036537
100007039982279
100050916078952
100011468145159
100007028114180
100013704109104
100038127443535
100038706352640
100018811274859
